27
# Hawaiian Islands
1
3
-161.26462718555319498 24.9900229267602505
-150.60623065689568989 20.4221387001927468
-159.90227574955940781 13.93093479928102596
# Micronesia
2
4
-185.28194075078937431 -15.79102975398810216
-170.35977865826379229 -10.30562437418118904
-164.45599490203093751 -15.93048921279675056
-180.54031915129525032 -22.6710297218815171
# New Zealand
3
4
171.32651831139142473 -32.39192600253073806
184.5397572700001092 -36.11320554597561738
168.30634940656659637 -52.07695547147832826
162.5896011224338622 -47.00738623837949604
# Tasmania
4
4
143.4708533231409433 -39.20078893528315689
149.48422533899753262 -39.52437846080010786
148.91794366934286131 -45.53775047665669717
143.33602435417554943 -44.4321529311404646
# Azores
5
4
-31.60456287842385947 40.77301400654056351
-23.56875632808635146 38.17081490550845047
-24.83614863636105952 35.19109469137323742
-32.69667752704355479 39.18203217274891159
# United Kingdom and Ireland
6
8
-3.29047939569102521 62.41980497393473115
0.01121356046610522 61.22638441484010485
1.97661609771071634 53.49107896144963092
1.92740170326975147 51.47169269394461111
1.53639769327010711 50.96945478454851752
-4.94887571396536785 49.08521994325712967
-11.13752538947697701 50.71665046773840402
-10.66562399809809492 54.88286560876909448
# Cape Verde Islands
7
4
-25.98430157520783723 17.64816046686231843
-21.6832574652116179 18.20095923962045248
-21.25180476452234046 14.62799156203738704
-25.36408831796700269 13.77856905755537653
# Galapagos Islands
8
3
-93.42479156199243562 1.81103652121049485
-87.33697541559591571 0.74873303257754387
-91.15718219202594241 -4.13377723248543916
# Norway and Sweden
9
14
3.31403338097329936 62.64058741061582225
20.32944926440660893 72.48310214508992999
29.47085336026063729 71.29660721819442415
21.05789763880311583 63.22937157026334631
20.56197656830591924 57.35423847585214219
15.0576365778595207 54.57781506648498038
12.80537169634954431 54.76208344309451803
11.99670769719670105 54.42401889896544276
10.73636812251849548 54.65197099941595837
10.96574710901401417 55.24712057789398045
10.73709645337379648 55.8444108236262764
11.18025523812453947 56.60356083685083206
10.67569508648406718 58.21819722855074986
5.6330916471781558 56.86990753889676142
# Europe (excluding United Kingdom, Ireland, Norway and Sweden)
10
21
-10.11103452809553715 44.80266214892688481
-4.93573499046594133 49.24554740164789735
1.45220270120664807 50.99267409428116338
8.52072408044357843 57.79458090670411963
10.78666527848770684 58.24833193784493801
11.2056157490359567 56.42832371847584483
10.78149319375167536 55.84811250783191383
10.94827378077177116 55.18088562695556476
10.80124277088989615 54.6057273987555476
12.04324100069958092 54.42369060198358
12.85367780258240167 54.8445645082000155
14.97081010544973623 54.64313697145261273
20.36644147737649746 57.43862816079393241
20.77742585663842689 60.33717362348247093
22.74154825006960934 59.56751236329537846
31.12198155442752423 47.43056302216810849
29.33876310472811966 34.54133492960400531
13.2272279890229747 34.29105865596198299
11.05295286175791247 37.6541460830266459
-5.16807812366561148 35.94913896884037285
-10.36131080173755947 35.41730188735107276
# Western North America (excluding Mexico)
11
9
-158.61871840043033899 70.1392242884058561
-97.40850802555678456 69.17226300742561307
-84.28666512874980299 64.88342254192342295
-104.39344808600003489 53.14690267885917763
-113.82020319179086698 34.91390179711491726
-121.57782990141109281 32.53521417369206148
-135.40559402013278145 55.56063134875808629
-151.54841367004320318 53.93383557008494478
-167.06554263584857267 57.1874271274312278
# Eastern North America (excluding Mexico)
12
8
-55.06691018104373825 59.31477545338841395
-49.43569402409826807 46.30040922400327474
-65.95392808447169841 41.16974561434182078
-78.92321245306717969 28.22485516431891384
-80.26053350855286794 23.93966123933764578
-114.63266330784497882 35.44467585478057003
-106.98187045346578827 51.98621540085949988
-82.84757655530816578 67.01077086788059489
# Caribbean
13
8
-85.1102238721152986 19.98255485080682448
-89.93144739744946037 27.50039492420923537
-80.28900034678113684 24.31348445831039129
-79.14498120517642121 28.11326232149747995
-61.90297842813392037 20.3502752891797698
-57.12261272928564892 13.36358696009382996
-61.45354233678921219 11.36155346228557761
-80.69757861163995472 14.95704219304325733
# Mexico and Central America
14
6
-121.59626292400852776 32.77105454088810177
-110.56464977282018936 37.91914067810931499
-90.05402087690708868 27.45953709772335571
-76.24407552467873472 9.56380909690673775
-78.85897641977523165 5.15116383643140807
-105.33484798262722393 16.75478655842209008
# Southern South America (Southern Chile and Argentina)
15
4
-59.34936427276620918 -58.10696602033655722
-80.26857143353815616 -58.76069124411066014
-74.54847572551459223 -28.03560572672687101
-55.4270129301214638 -43.88844240324937118
# Northern South America
16
6
-74.22161311362751235 -28.36246833861393668
-85.0080793059005515 -4.17463505897137566
-73.24102527796634377 14.61996512453467645
-53.424979432313215 9.92131507865817142
-26.00937786028592313 -6.13581073029374124
-55.26358162417793096 -44.70559893296702114
# Australia
17
7
129.30061374820164133 -9.4318759104395653
143.52427351335222738 -9.63801590703595146
157.12951328871363899 -27.36605561432507727
149.57104674684617862 -39.66574207790939255
143.45556018115343022 -39.25346208471662379
112.6719873560932399 -40.83386872528890876
109.85474073594264155 -19.32659574706604744
# Malaysia, Indonesia, Phillipines, New Guinea
18
10
184.63202450128136434 -18.12411243358713264
167.17883812278742539 -31.7293522089485549
157.07797828956455533 -27.33169894822567159
143.19788518540795508 -9.67237257313534116
128.08095210167300593 -10.29079256292449784
110.17125594688582169 -19.55102821273536051
92.26318005801986999 6.1510704805213976
106.38437956249653382 7.6380578912931405
121.24528031123907112 26.34139343342322448
151.1068970860708589 19.17989037061860813
# Madacascar
19
4
43.56355349715509817 -7.16433594787933359
59.23019323848037487 -0.29300272799982707
61.2228798722454286 -28.87774892269857219
39.02847357203462764 -29.49616891248773243
# Japan
20
9
141.35747731648979197 55.03755805547540092
146.17662603032272273 56.06458974858733768
154.78789176487666168 41.52814116915683229
142.77952119926015939 31.41582911390082344
130.21813356812185702 23.83159507245881059
122.87090684047487343 25.80665602075100296
131.95618720261896328 38.21003877602595367
140.01443587165110216 45.79427281746795586
141.51548219235314718 50.13940690371077835
# Sub Saharan Africa
21
10
-19.37298265552855625 18.43967868362106799
38.61480678633012786 19.70371769052806599
44.14497744154825654 11.96147877322268016
55.04731387612114446 14.01554215944656789
58.52342114511539961 9.27539588354531475
44.14497744154825654 -7.78913070969920796
38.14079215874000539 -34.96596935819974306
13.96604615164360297 -41.91818389618823915
-2.78247068987416313 -4.47102831656833644
-19.68899240725530575 9.11739100768193111
# North Africa
22
7
-20.24200947277710583 17.53115064740662632
-15.67801077784832842 25.50649756575751681
-7.91762915543383983 35.74121259066060219
11.27996326196624466 37.6767723199869522
13.57103396198517942 34.35866992685606647
30.24054836557126436 34.67467967858281952
39.16782385185196347 19.26920428190373968
# Tenerife and Canary Islands
23
4
-18.02994121068985578 34.70430559280720217
-10.80121813994044189 31.76146477985183481
-16.52889488998779299 24.07847769099522139
-20.22225886329418643 26.05353863928741376
# Middle East (Arabian Penninsula, Iran, Iraq, Turkey, Afghanistan, Turmenistan, Azerbaijan)
24
7
44.42642362667991307 11.91703990188604934
38.97525540939347621 19.02725931573793616
29.09995066793252505 34.59073958828038542
30.52199455070290313 47.31013209528208563
67.57413794066437163 50.47022961254959483
66.23109649582569602 23.37239340198075155
55.40776249918449281 14.12910816397330649
# India and Southeast Asia
25
6
66.07309161996231239 23.33289218301490564
67.41613306480101642 50.66773570737881016
122.00681767559711943 26.41398726235071592
106.83834959271311504 7.53240459667738804
92.45990588914597197 6.18936315183869823
78.08146218557882889 1.37021443800575327
# Northern Asia (China, Russia, Mongolia, North and South Korea)
26
10
67.73214281652778368 50.58873326944708992
72.47228909242902262 64.49316234542409632
163.48309758973312 64.01914771783397384
150.68470264479972798 54.2228454143047145
146.10256124476185846 56.1189039246652186
141.59942228265566655 54.9338673556898982
141.52041984472396052 50.27272351772032977
140.05887474298776851 45.65108089871661434
132.00062607395562964 37.98784441934292033
122.87584449284570098 25.62396288303381198
# Eastern Russia, Finland, Belarus, Ukraine)
27
7
29.13945188689836741 71.44537688341269188
73.14380981484836752 64.49316234542418158
68.24565866308373074 50.03571620392536801
30.79850308346380672 46.95462112458955772
22.77975563339750664 59.43700631779617538
20.76128749342177926 60.29760090689708107
20.92319834200285555 63.22912333851718358

